3
0 1 1
1 0 1
1 1 1
---
3
===
4
0 1 0 0
0 0 0 1
1 0 0 0
0 0 1 0
---
1
===
1
0
---
0
===
21
0 0 0 0 0 0 0 1 1 0 1 1 1 1 0 0 0 1 0 0 1
1 1 1 0 0 1 0 0 0 1 0 0 0 0 1 1 1 0 1 1 0
0 0 1 1 1 1 0 1 1 0 0 1 0 0 1 1 0 0 0 1 1
0 1 1 0 1 1 0 1 0 1 0 0 1 0 0 0 0 0 1 1 0
1 1 0 0 1 0 1 0 0 1 1 1 1 0 0 0 0 0 0 0 0
0 1 1 0 1 1 1 0 1 1 1 0 0 0 1 1 1 1 0 0 1
0 1 0 0 0 1 0 1 0 0 0 1 1 1 0 0 1 1 0 1 0
0 0 0 0 1 1 0 0 1 1 0 0 0 0 0 1 1 1 1 1 1
0 0 1 0 0 1 0 0 1 0 1 1 0 0 1 0 1 0 1 1 1
0 0 0 0 1 1 0 0 1 1 1 0 0 0 0 1 1 0 0 0 1
0 1 1 0 1 1 0 0 1 1 0 0 0 1 1 1 1 0 1 1 0
0 0 1 0 0 1 1 1 1 0 1 1 0 1 1 1 0 0 0 0 1
0 1 1 0 0 1 1 1 1 0 0 0 1 0 1 1 0 1 0 1 1
1 1 1 1 1 0 0 0 0 1 0 0 1 1 0 1 1 1 0 0 1
0 0 0 1 1 0 1 1 1 1 0 0 0 0 0 0 1 1 1 1 1
1 0 1 1 0 1 0 1 0 0 1 0 0 1 1 0 1 0 1 1 0
0 0 1 1 0 0 1 1 0 0 1 1 0 0 1 1 1 1 0 0 1
0 0 0 1 0 0 1 1 0 1 0 1 0 1 1 0 0 1 1 0 1
0 0 0 0 1 1 1 0 1 0 1 1 1 0 1 1 0 0 1 1 0
1 1 0 1 1 0 0 1 1 0 1 1 0 1 1 1 1 1 0 1 0
1 0 0 1 1 0 1 1 1 1 1 0 1 0 1 1 0 0 0 0 0
---
102515160
